

rpm_base = [8.5 9.7 13 14 15 16 17 18 19 20 21 22 23 24 25 26 27 28 29 30 ...
    31 32 33 34 34.8 35.4 36 38]/2;
torque_base = [0 7 13 15.2 17.5 20 22.7 25.5 28.5 31.6 34.9 38.4 42 45.8 ...
    49.7 53.8 58.1 62.5 67.1 71.8 76.7 81.8 87 92.4 97.9 118 140 140];
