

rpm_base = [6 7 8 9 10 11 12 13 14 15 16 17 17.8 18.0 18.2];
torque_base = 1e3/n_sys*[50 75 100 125 150 175 200 225 275 350 450 600 750 885 885];
